0.168 0.201 0.0 0.0 0.75
0.168 0.201 0.0 0.25 0.75
0.168 0.201 0.0 0.5 0.75
0.168 0.201 0.0 0.75 0.75
0.168 0.201 0.0 1.0 0.75
0.168 0.201 1.0 0.0 0.75
0.168 0.201 1.0 0.25 0.75
0.168 0.201 1.0 0.5 0.75
0.168 0.201 1.0 0.75 0.75
0.168 0.201 1.0 1.0 0.75
0.168 0.201 2.0 0.0 0.75
0.168 0.201 2.0 0.25 0.75
0.168 0.201 2.0 0.5 0.75
0.168 0.201 2.0 0.75 0.75
0.168 0.201 2.0 1.0 0.75
0.168 0.201 4.0 0.0 0.75
0.168 0.201 4.0 0.25 0.75
0.168 0.201 4.0 0.5 0.75
0.168 0.201 4.0 0.75 0.75
0.168 0.201 4.0 1.0 0.75
0.168 0.201 8.0 0.0 0.75
0.168 0.201 8.0 0.25 0.75
0.168 0.201 8.0 0.5 0.75
0.168 0.201 8.0 0.75 0.75
0.168 0.201 8.0 1.0 0.75
0.168 0.201 16.0 0.0 0.75
0.168 0.201 16.0 0.25 0.75
0.168 0.201 16.0 0.5 0.75
0.168 0.201 16.0 0.75 0.75
0.168 0.201 16.0 1.0 0.75
0.168 0.201 32.0 0.0 0.75
0.168 0.201 32.0 0.25 0.75
0.168 0.201 32.0 0.5 0.75
0.168 0.201 32.0 0.75 0.75
0.168 0.201 32.0 1.0 0.75
0.168 0.201 64.0 0.0 0.75
0.168 0.201 64.0 0.25 0.75
0.168 0.201 64.0 0.5 0.75
0.168 0.201 64.0 0.75 0.75
0.168 0.201 64.0 1.0 0.75
0.168 0.201 128.0 0.0 0.75
0.168 0.201 128.0 0.25 0.75
0.168 0.201 128.0 0.5 0.75
0.168 0.201 128.0 0.75 0.75
0.168 0.201 128.0 1.0 0.75
0.168 0.201 256.0 0.0 0.75
0.168 0.201 256.0 0.25 0.75
0.168 0.201 256.0 0.5 0.75
0.168 0.201 256.0 0.75 0.75
0.168 0.201 256.0 1.0 0.75
0.31 0.32 0.0 0.0 0.25
0.31 0.32 0.0 0.25 0.25
0.31 0.32 0.0 0.5 0.25
0.31 0.32 0.0 0.75 0.25
0.31 0.32 0.0 1.0 0.25
0.31 0.32 1.0 0.0 0.25
0.31 0.32 1.0 0.25 0.25
0.31 0.32 1.0 0.5 0.25
0.31 0.32 1.0 0.75 0.25
0.31 0.32 1.0 1.0 0.25
0.31 0.32 2.0 0.0 0.25
0.31 0.32 2.0 0.25 0.25
0.31 0.32 2.0 0.5 0.25
0.31 0.32 2.0 0.75 0.25
0.31 0.32 2.0 1.0 0.25
0.31 0.32 4.0 0.0 0.25
0.31 0.32 4.0 0.25 0.25
0.31 0.32 4.0 0.5 0.25
0.31 0.32 4.0 0.75 0.25
0.31 0.32 4.0 1.0 0.25
0.31 0.32 8.0 0.0 0.25
0.31 0.32 8.0 0.25 0.25
0.31 0.32 8.0 0.5 0.25
0.31 0.32 8.0 0.75 0.25
0.31 0.32 8.0 1.0 0.25
0.31 0.32 16.0 0.0 0.25
0.31 0.32 16.0 0.25 0.25
0.31 0.32 16.0 0.5 0.25
0.31 0.32 16.0 0.75 0.25
0.31 0.32 16.0 1.0 0.25
0.31 0.32 32.0 0.0 0.25
0.31 0.32 32.0 0.25 0.25
0.31 0.32 32.0 0.5 0.25
0.31 0.32 32.0 0.75 0.25
0.31 0.32 32.0 1.0 0.25
0.31 0.32 64.0 0.0 0.25
0.31 0.32 64.0 0.25 0.25
0.31 0.32 64.0 0.5 0.25
0.31 0.32 64.0 0.75 0.25
0.31 0.32 64.0 1.0 0.25
0.31 0.32 128.0 0.0 0.25
0.31 0.32 128.0 0.25 0.25
0.31 0.32 128.0 0.5 0.25
0.31 0.32 128.0 0.75 0.25
0.31 0.32 128.0 1.0 0.25
0.31 0.32 256.0 0.0 0.25
0.31 0.32 256.0 0.25 0.25
0.31 0.32 256.0 0.5 0.25
0.31 0.32 256.0 0.75 0.25
0.31 0.32 256.0 1.0 0.25
